Accuracy: 0.9900952172485499
Per class accuracy: [0.99475941 0.98612632 0.94272076 0.99577055]
ROC per class: [0.9994323  0.99974214 0.99811266 0.99994971]
ROC overall: 0.9992172164860976
Precision: [0.99126472 0.98039927 0.98258706 0.99629728]
Specificity: [0.98817329 0.99652398 0.99876594 0.99903388]
Recall: [0.99475941 0.98612632 0.94272076 0.99577055]
F-score: [0.99300899 0.98325446 0.96224117 0.99603384]
Support: [10495  2739  1257  3783]