Accuracy: 0.9924482871839773
Per class accuracy: [0.99676036 0.98612632 0.95783612 0.99656357]
ROC per class: [0.99963441 0.99953697 0.99862158 0.99997762]
ROC overall: 0.999429218528698
Precision: [0.99278732 0.98901501 0.98125509 0.99761842]
Specificity: [0.99023011 0.99806888 0.99864841 0.99937892]
Recall: [0.99676036 0.98612632 0.95783612 0.99656357]
F-score: [0.99476987 0.98756856 0.96940419 0.99709072]
Support: [10495  2739  1257  3783]